(datetime.datetime(2022, 5, 21, 17, 46, 59, 462800), 'qqqqqqqqqqqqqqqqqqqqqqqqqqqqqqqqqqq')
(datetime.datetime(2022, 5, 21, 17, 54, 49, 564620), '%26%231055%3B%26%231088%3B%26%231080%3B%26%231074%3B%26%231077%3B%26%231090%3B%21%21%21%21%21%21%21%21%21%21%21%21%21%21%21%21%21%21%21%21%21%21%21%21%21%21%21%21%21%21%21+')
(datetime.datetime(2022, 5, 21, 17, 55, 15, 704265), 'Uraaaaaaaaaaaaaaaaaaaa')(datetime.datetime(2022, 5, 24, 15, 46, 39, 580407), '%26%231087%3B%26%231088%3B%26%231080%3B%26%231074%3B%26%231077%3B%26%231090%3B%21%21%21%21%21%21%21%21%21%21%21%21%21%21%21%21%21%21%21%21%21%21%21%21%21%21%21%21%21%21%21')
(datetime.datetime(2022, 5, 24, 15, 48, 50, 277817), '%26%231082%3B%26%231091%3B%26%231082%3B%26%231072%3B%26%231088%3B%26%231077%3B%26%231082%3B%26%231091%3B')
(datetime.datetime(2022, 5, 24, 15, 50, 35, 146943), 'Message12345')
(datetime.datetime(2022, 5, 24, 15, 52, 45, 926788), 'Message12345')
(datetime.datetime(2022, 5, 24, 15, 53, 47, 993930), '%26%231055%3B%26%231056%3B%26%231048%3B%26%231042%3B%26%231045%3B%26%231058%3B')
(datetime.datetime(2022, 5, 24, 16, 4, 13, 636946), '%26%231055%3B%26%231056%3B%26%231048%3B%26%231042%3B%26%231045%3B%26%231058%3B')
(datetime.datetime(2022, 5, 24, 16, 4, 51, 505092), '%26%231055%3B%26%231056%3B%26%231048%3B%26%231042%3B%26%231045%3B%26%231058%3B')
(datetime.datetime(2022, 5, 24, 16, 39, 42, 999544), '%26%231055%3B%26%231056%3B%26%231048%3B%26%231042%3B%26%231045%3B%26%231058%3B')
(datetime.datetime(2022, 5, 24, 16, 43, 34, 769276), '%26%231055%3B%26%231056%3B%26%231048%3B%26%231042%3B%26%231045%3B%26%231058%3B')
(datetime.datetime(2022, 5, 24, 16, 44, 50, 444179), '%26%231055%3B%26%231056%3B%26%231048%3B%26%231042%3B%26%231045%3B%26%231058%3B')
(datetime.datetime(2022, 5, 24, 16, 49, 16, 257706), '%26%231055%3B%26%231056%3B%26%231048%3B%26%231042%3B%26%231045%3B%26%231058%3B')
(datetime.datetime(2022, 5, 24, 16, 50, 33, 421288), '%26%231055%3B%26%231056%3B%26%231048%3B%26%231042%3B%26%231045%3B%26%231058%3B')
(datetime.datetime(2022, 5, 24, 16, 53, 10, 209095), '%26%231055%3B%26%231056%3B%26%231048%3B%26%231042%3B%26%231045%3B%26%231058%3B')
(datetime.datetime(2022, 5, 24, 16, 54, 12, 75146), '%26%231055%3B%26%231056%3B%26%231048%3B%26%231042%3B%26%231045%3B%26%231058%3B')
(datetime.datetime(2022, 5, 24, 16, 54, 41, 835275), '%26%231055%3B%26%231088%3B%26%231080%3B%26%231074%3B%26%231077%3B%26%231090%3B')
(datetime.datetime(2022, 5, 24, 16, 55, 22, 700666), '%26%231055%3B%26%231088%3B%26%231080%3B%26%231074%3B%26%231077%3B%26%231090%3B')
(datetime.datetime(2022, 5, 24, 17, 18, 24, 550126), '%26%231055%3B%26%231088%3B%26%231080%3B%26%231074%3B%26%231077%3B%26%231090%3B')
(datetime.datetime(2022, 5, 24, 17, 56, 41, 507154), '%26%231055%3B%26%231088%3B%26%231080%3B%26%231074%3B%26%231077%3B%26%231090%3B')
(datetime.datetime(2022, 5, 24, 18, 0, 27, 849471), '%26%231055%3B%26%231088%3B%26%231080%3B%26%231074%3B%26%231077%3B%26%231090%3B')
(datetime.datetime(2022, 5, 24, 19, 15, 3, 154406), '%26%231055%3B%26%231088%3B%26%231080%3B%26%231074%3B%26%231077%3B%26%231090%3B')
(datetime.datetime(2022, 5, 24, 19, 16, 2, 331758), '%26%231055%3B%26%231088%3B%26%231080%3B%26%231074%3B%26%231077%3B%26%231090%3B')
(datetime.datetime(2022, 5, 24, 19, 20, 46, 269750), '%26%231055%3B%26%231088%3B%26%231080%3B%26%231074%3B%26%231077%3B%26%231090%3B')
(datetime.datetime(2022, 5, 24, 19, 21, 50, 482948), '%26%231055%3B%26%231088%3B%26%231080%3B%26%231074%3B%26%231077%3B%26%231090%3B')
(datetime.datetime(2022, 5, 24, 19, 23, 59, 833306), '%26%231055%3B%26%231088%3B%26%231080%3B%26%231074%3B%26%231077%3B%26%231090%3B')
(datetime.datetime(2022, 5, 24, 19, 24, 31, 164376), '%26%231055%3B%26%231088%3B%26%231080%3B%26%231074%3B%26%231077%3B%26%231090%3B')
(datetime.datetime(2022, 5, 24, 19, 25, 13, 23852), '%26%231055%3B%26%231088%3B%26%231080%3B%26%231074%3B%26%231077%3B%26%231090%3B')
(datetime.datetime(2022, 5, 26, 17, 50, 32, 981720), '%26%231055%3B%26%231088%3B%26%231080%3B%26%231074%3B%26%231077%3B%26%231090%3B')
(datetime.datetime(2022, 5, 26, 17, 58, 24, 778589), '%26%231055%3B%26%231088%3B%26%231080%3B%26%231074%3B%26%231077%3B%26%231090%3B')
(datetime.datetime(2022, 5, 26, 21, 17, 38, 825382), '%D0%9F%D1%80%D0%B8%D0%B2%D0%B5%D1%82%21%21%21%21%21%21%21%21%21%21%21%21%21%21%21%21%21%21%21%21%21')
(datetime.datetime(2022, 5, 26, 21, 18, 35, 432241), '%D0%BA%D1%83%D0%BA%D0%B0%D1%80%D0%B5%D0%BA%D1%83')
(datetime.datetime(2022, 5, 26, 21, 23, 12, 575479), '%D0%BA%D1%83%D0%BA%D0%B0%D1%80%D0%B5%D0%BA%D1%83')
(datetime.datetime(2022, 5, 26, 21, 23, 12, 575834), <module 'email.message' from '/usr/lib/python3.8/email/message.py'>)
(datetime.datetime(2022, 5, 26, 21, 24, 26, 320543), '%D0%BA%D1%83%D0%BA%D0%B0%D1%80%D0%B5%D0%BA%D1%83')
(datetime.datetime(2022, 5, 26, 21, 24, 26, 320929), 'кукареку')
